knowledgeSets[0][0], C_a1=2, C_a2=7, C_b=1: size=51(2, 48) (0, 50) (1, 49) (3, 47) (4, 46) (5, 45) (6, 44) (7, 43) (8, 42) (9, 41) (10, 40) (11, 39) (12, 38) (13, 37) (14, 36) (15, 35) (16, 34) (17, 33) (18, 32) (19, 31) (20, 30) (21, 29) (22, 28) (23, 27) (24, 26) (25, 25) (26, 24) (27, 23) (28, 22) (29, 21) (30, 20) (31, 19) (32, 18) (33, 17) (34, 16) (35, 15) (36, 14) (37, 13) (38, 12) (39, 11) (40, 10) (41, 9) (42, 8) (43, 7) (44, 6) (45, 5) (46, 4) (47, 3) (48, 2) (49, 1) (50, 0) 
knowledgeSets[0][1], C_a1=5, C_a2=5, C_b=1: size=51(4, 46) (0, 50) (1, 49) (2, 48) (3, 47) (5, 45) (6, 44) (7, 43) (8, 42) (9, 41) (10, 40) (11, 39) (12, 38) (13, 37) (14, 36) (15, 35) (16, 34) (17, 33) (18, 32) (19, 31) (20, 30) (21, 29) (22, 28) (23, 27) (24, 26) (25, 25) (26, 24) (27, 23) (28, 22) (29, 21) (30, 20) (31, 19) (32, 18) (33, 17) (34, 16) (35, 15) (36, 14) (37, 13) (38, 12) (39, 11) (40, 10) (41, 9) (42, 8) (43, 7) (44, 6) (45, 5) (46, 4) (47, 3) (48, 2) (49, 1) (50, 0) 
knowledgeSets[1][0], C_a1=2, C_a2=8, C_b=2: size=51(2, 48) (0, 50) (1, 49) (3, 47) (4, 46) (5, 45) (6, 44) (7, 43) (8, 42) (9, 41) (10, 40) (11, 39) (12, 38) (13, 37) (14, 36) (15, 35) (16, 34) (17, 33) (18, 32) (19, 31) (20, 30) (21, 29) (22, 28) (23, 27) (24, 26) (25, 25) (26, 24) (27, 23) (28, 22) (29, 21) (30, 20) (31, 19) (32, 18) (33, 17) (34, 16) (35, 15) (36, 14) (37, 13) (38, 12) (39, 11) (40, 10) (41, 9) (42, 8) (43, 7) (44, 6) (45, 5) (46, 4) (47, 3) (48, 2) (49, 1) (50, 0) 
knowledgeSets[1][1], C_a1=5, C_a2=9, C_b=5: size=51(4, 46) (0, 50) (1, 49) (2, 48) (3, 47) (5, 45) (6, 44) (7, 43) (8, 42) (9, 41) (10, 40) (11, 39) (12, 38) (13, 37) (14, 36) (15, 35) (16, 34) (17, 33) (18, 32) (19, 31) (20, 30) (21, 29) (22, 28) (23, 27) (24, 26) (25, 25) (26, 24) (27, 23) (28, 22) (29, 21) (30, 20) (31, 19) (32, 18) (33, 17) (34, 16) (35, 15) (36, 14) (37, 13) (38, 12) (39, 11) (40, 10) (41, 9) (42, 8) (43, 7) (44, 6) (45, 5) (46, 4) (47, 3) (48, 2) (49, 1) (50, 0) 
knowledgeSets[2][0], C_a1=5, C_a2=9, C_b=2: size=51(4, 46) (0, 50) (1, 49) (2, 48) (3, 47) (5, 45) (6, 44) (7, 43) (8, 42) (9, 41) (10, 40) (11, 39) (12, 38) (13, 37) (14, 36) (15, 35) (16, 34) (17, 33) (18, 32) (19, 31) (20, 30) (21, 29) (22, 28) (23, 27) (24, 26) (25, 25) (26, 24) (27, 23) (28, 22) (29, 21) (30, 20) (31, 19) (32, 18) (33, 17) (34, 16) (35, 15) (36, 14) (37, 13) (38, 12) (39, 11) (40, 10) (41, 9) (42, 8) (43, 7) (44, 6) (45, 5) (46, 4) (47, 3) (48, 2) (49, 1) (50, 0) 
knowledgeSets[2][1], C_a1=6, C_a2=5, C_b=3: size=51(32, 18) (0, 50) (1, 49) (2, 48) (3, 47) (4, 46) (5, 45) (6, 44) (7, 43) (8, 42) (9, 41) (10, 40) (11, 39) (12, 38) (13, 37) (14, 36) (15, 35) (16, 34) (17, 33) (18, 32) (19, 31) (20, 30) (21, 29) (22, 28) (23, 27) (24, 26) (25, 25) (26, 24) (27, 23) (28, 22) (29, 21) (30, 20) (31, 19) (33, 17) (34, 16) (35, 15) (36, 14) (37, 13) (38, 12) (39, 11) (40, 10) (41, 9) (42, 8) (43, 7) (44, 6) (45, 5) (46, 4) (47, 3) (48, 2) (49, 1) (50, 0) 
knowledgeSets[3][0], C_a1=2, C_a2=7, C_b=4: size=51(3, 47) (0, 50) (1, 49) (2, 48) (4, 46) (5, 45) (6, 44) (7, 43) (8, 42) (9, 41) (10, 40) (11, 39) (12, 38) (13, 37) (14, 36) (15, 35) (16, 34) (17, 33) (18, 32) (19, 31) (20, 30) (21, 29) (22, 28) (23, 27) (24, 26) (25, 25) (26, 24) (27, 23) (28, 22) (29, 21) (30, 20) (31, 19) (32, 18) (33, 17) (34, 16) (35, 15) (36, 14) (37, 13) (38, 12) (39, 11) (40, 10) (41, 9) (42, 8) (43, 7) (44, 6) (45, 5) (46, 4) (47, 3) (48, 2) (49, 1) (50, 0) 
knowledgeSets[3][1], C_a1=6, C_a2=7, C_b=1: size=51(33, 17) (0, 50) (1, 49) (2, 48) (3, 47) (4, 46) (5, 45) (6, 44) (7, 43) (8, 42) (9, 41) (10, 40) (11, 39) (12, 38) (13, 37) (14, 36) (15, 35) (16, 34) (17, 33) (18, 32) (19, 31) (20, 30) (21, 29) (22, 28) (23, 27) (24, 26) (25, 25) (26, 24) (27, 23) (28, 22) (29, 21) (30, 20) (31, 19) (32, 18) (34, 16) (35, 15) (36, 14) (37, 13) (38, 12) (39, 11) (40, 10) (41, 9) (42, 8) (43, 7) (44, 6) (45, 5) (46, 4) (47, 3) (48, 2) (49, 1) (50, 0) 
knowledgeSets[4][0], C_a1=2, C_a2=5, C_b=4: size=51(4, 46) (0, 50) (1, 49) (2, 48) (3, 47) (5, 45) (6, 44) (7, 43) (8, 42) (9, 41) (10, 40) (11, 39) (12, 38) (13, 37) (14, 36) (15, 35) (16, 34) (17, 33) (18, 32) (19, 31) (20, 30) (21, 29) (22, 28) (23, 27) (24, 26) (25, 25) (26, 24) (27, 23) (28, 22) (29, 21) (30, 20) (31, 19) (32, 18) (33, 17) (34, 16) (35, 15) (36, 14) (37, 13) (38, 12) (39, 11) (40, 10) (41, 9) (42, 8) (43, 7) (44, 6) (45, 5) (46, 4) (47, 3) (48, 2) (49, 1) (50, 0) 
knowledgeSets[4][1], C_a1=5, C_a2=8, C_b=5: size=51(50, 0) (0, 50) (1, 49) (2, 48) (3, 47) (4, 46) (5, 45) (6, 44) (7, 43) (8, 42) (9, 41) (10, 40) (11, 39) (12, 38) (13, 37) (14, 36) (15, 35) (16, 34) (17, 33) (18, 32) (19, 31) (20, 30) (21, 29) (22, 28) (23, 27) (24, 26) (25, 25) (26, 24) (27, 23) (28, 22) (29, 21) (30, 20) (31, 19) (32, 18) (33, 17) (34, 16) (35, 15) (36, 14) (37, 13) (38, 12) (39, 11) (40, 10) (41, 9) (42, 8) (43, 7) (44, 6) (45, 5) (46, 4) (47, 3) (48, 2) (49, 1) 
knowledgeSets[5][0], C_a1=6, C_a2=8, C_b=4: size=51(3, 47) (0, 50) (1, 49) (2, 48) (4, 46) (5, 45) (6, 44) (7, 43) (8, 42) (9, 41) (10, 40) (11, 39) (12, 38) (13, 37) (14, 36) (15, 35) (16, 34) (17, 33) (18, 32) (19, 31) (20, 30) (21, 29) (22, 28) (23, 27) (24, 26) (25, 25) (26, 24) (27, 23) (28, 22) (29, 21) (30, 20) (31, 19) (32, 18) (33, 17) (34, 16) (35, 15) (36, 14) (37, 13) (38, 12) (39, 11) (40, 10) (41, 9) (42, 8) (43, 7) (44, 6) (45, 5) (46, 4) (47, 3) (48, 2) (49, 1) (50, 0) 
knowledgeSets[5][1], C_a1=2, C_a2=7, C_b=1: size=51(34, 16) (0, 50) (1, 49) (2, 48) (3, 47) (4, 46) (5, 45) (6, 44) (7, 43) (8, 42) (9, 41) (10, 40) (11, 39) (12, 38) (13, 37) (14, 36) (15, 35) (16, 34) (17, 33) (18, 32) (19, 31) (20, 30) (21, 29) (22, 28) (23, 27) (24, 26) (25, 25) (26, 24) (27, 23) (28, 22) (29, 21) (30, 20) (31, 19) (32, 18) (33, 17) (35, 15) (36, 14) (37, 13) (38, 12) (39, 11) (40, 10) (41, 9) (42, 8) (43, 7) (44, 6) (45, 5) (46, 4) (47, 3) (48, 2) (49, 1) (50, 0) 
knowledgeSets[6][0], C_a1=4, C_a2=9, C_b=5: size=51(4, 46) (0, 50) (1, 49) (2, 48) (3, 47) (5, 45) (6, 44) (7, 43) (8, 42) (9, 41) (10, 40) (11, 39) (12, 38) (13, 37) (14, 36) (15, 35) (16, 34) (17, 33) (18, 32) (19, 31) (20, 30) (21, 29) (22, 28) (23, 27) (24, 26) (25, 25) (26, 24) (27, 23) (28, 22) (29, 21) (30, 20) (31, 19) (32, 18) (33, 17) (34, 16) (35, 15) (36, 14) (37, 13) (38, 12) (39, 11) (40, 10) (41, 9) (42, 8) (43, 7) (44, 6) (45, 5) (46, 4) (47, 3) (48, 2) (49, 1) (50, 0) 
knowledgeSets[6][1], C_a1=6, C_a2=5, C_b=1: size=51(26, 24) (0, 50) (1, 49) (2, 48) (3, 47) (4, 46) (5, 45) (6, 44) (7, 43) (8, 42) (9, 41) (10, 40) (11, 39) (12, 38) (13, 37) (14, 36) (15, 35) (16, 34) (17, 33) (18, 32) (19, 31) (20, 30) (21, 29) (22, 28) (23, 27) (24, 26) (25, 25) (27, 23) (28, 22) (29, 21) (30, 20) (31, 19) (32, 18) (33, 17) (34, 16) (35, 15) (36, 14) (37, 13) (38, 12) (39, 11) (40, 10) (41, 9) (42, 8) (43, 7) (44, 6) (45, 5) (46, 4) (47, 3) (48, 2) (49, 1) (50, 0) 
knowledgeSets[7][0], C_a1=2, C_a2=5, C_b=2: size=51(3, 47) (0, 50) (1, 49) (2, 48) (4, 46) (5, 45) (6, 44) (7, 43) (8, 42) (9, 41) (10, 40) (11, 39) (12, 38) (13, 37) (14, 36) (15, 35) (16, 34) (17, 33) (18, 32) (19, 31) (20, 30) (21, 29) (22, 28) (23, 27) (24, 26) (25, 25) (26, 24) (27, 23) (28, 22) (29, 21) (30, 20) (31, 19) (32, 18) (33, 17) (34, 16) (35, 15) (36, 14) (37, 13) (38, 12) (39, 11) (40, 10) (41, 9) (42, 8) (43, 7) (44, 6) (45, 5) (46, 4) (47, 3) (48, 2) (49, 1) (50, 0) 
knowledgeSets[7][1], C_a1=3, C_a2=6, C_b=3: size=51(11, 39) (0, 50) (1, 49) (2, 48) (3, 47) (4, 46) (5, 45) (6, 44) (7, 43) (8, 42) (9, 41) (10, 40) (12, 38) (13, 37) (14, 36) (15, 35) (16, 34) (17, 33) (18, 32) (19, 31) (20, 30) (21, 29) (22, 28) (23, 27) (24, 26) (25, 25) (26, 24) (27, 23) (28, 22) (29, 21) (30, 20) (31, 19) (32, 18) (33, 17) (34, 16) (35, 15) (36, 14) (37, 13) (38, 12) (39, 11) (40, 10) (41, 9) (42, 8) (43, 7) (44, 6) (45, 5) (46, 4) (47, 3) (48, 2) (49, 1) (50, 0) 
knowledgeSets[8][0], C_a1=3, C_a2=7, C_b=2: size=51(3, 47) (0, 50) (1, 49) (2, 48) (4, 46) (5, 45) (6, 44) (7, 43) (8, 42) (9, 41) (10, 40) (11, 39) (12, 38) (13, 37) (14, 36) (15, 35) (16, 34) (17, 33) (18, 32) (19, 31) (20, 30) (21, 29) (22, 28) (23, 27) (24, 26) (25, 25) (26, 24) (27, 23) (28, 22) (29, 21) (30, 20) (31, 19) (32, 18) (33, 17) (34, 16) (35, 15) (36, 14) (37, 13) (38, 12) (39, 11) (40, 10) (41, 9) (42, 8) (43, 7) (44, 6) (45, 5) (46, 4) (47, 3) (48, 2) (49, 1) (50, 0) 
knowledgeSets[8][1], C_a1=6, C_a2=6, C_b=4: size=51(9, 41) (0, 50) (1, 49) (2, 48) (3, 47) (4, 46) (5, 45) (6, 44) (7, 43) (8, 42) (10, 40) (11, 39) (12, 38) (13, 37) (14, 36) (15, 35) (16, 34) (17, 33) (18, 32) (19, 31) (20, 30) (21, 29) (22, 28) (23, 27) (24, 26) (25, 25) (26, 24) (27, 23) (28, 22) (29, 21) (30, 20) (31, 19) (32, 18) (33, 17) (34, 16) (35, 15) (36, 14) (37, 13) (38, 12) (39, 11) (40, 10) (41, 9) (42, 8) (43, 7) (44, 6) (45, 5) (46, 4) (47, 3) (48, 2) (49, 1) (50, 0) 
knowledgeSets[9][0], C_a1=3, C_a2=8, C_b=1: size=51(5, 45) (0, 50) (1, 49) (2, 48) (3, 47) (4, 46) (6, 44) (7, 43) (8, 42) (9, 41) (10, 40) (11, 39) (12, 38) (13, 37) (14, 36) (15, 35) (16, 34) (17, 33) (18, 32) (19, 31) (20, 30) (21, 29) (22, 28) (23, 27) (24, 26) (25, 25) (26, 24) (27, 23) (28, 22) (29, 21) (30, 20) (31, 19) (32, 18) (33, 17) (34, 16) (35, 15) (36, 14) (37, 13) (38, 12) (39, 11) (40, 10) (41, 9) (42, 8) (43, 7) (44, 6) (45, 5) (46, 4) (47, 3) (48, 2) (49, 1) (50, 0) 
knowledgeSets[9][1], C_a1=3, C_a2=6, C_b=5: size=51(10, 40) (0, 50) (1, 49) (2, 48) (3, 47) (4, 46) (5, 45) (6, 44) (7, 43) (8, 42) (9, 41) (11, 39) (12, 38) (13, 37) (14, 36) (15, 35) (16, 34) (17, 33) (18, 32) (19, 31) (20, 30) (21, 29) (22, 28) (23, 27) (24, 26) (25, 25) (26, 24) (27, 23) (28, 22) (29, 21) (30, 20) (31, 19) (32, 18) (33, 17) (34, 16) (35, 15) (36, 14) (37, 13) (38, 12) (39, 11) (40, 10) (41, 9) (42, 8) (43, 7) (44, 6) (45, 5) (46, 4) (47, 3) (48, 2) (49, 1) (50, 0) 
areaNum_test = 10, agentTypeNum_test = 2, varNum_test = 20400
MAXTIME_test = 10
Done importing multipliers and valueFunc.
lower_bound = 3407.97
Gradients for t=0: -0.95 -0.7 0.1 -3.1 0.45 0.3 0.15 0.55 -0.9 0.45 0.2 0.75 0.15 -0.35 0.4 0.6 0.3 0.35 0.1 -0.55 
Gradients for t=1: 0 -1.6 0 -1 0.96 1 -1.18 1 0 -1 -0.06 -0.18 1 1 -1 1 0 1 0 0 
Gradients for t=2: -0.2424 -1.7212 0.008 0 0.08 1 0.06 1 -0.0892 -1.3448 0 -0.078 -0.19 0.304 0 1 0.06 0.18 1 0 
Gradients for t=3: -0.301924 -2.01972 -0.142912 -0.986 0.0092 1 0.1164 1 0.0128 -2.22045e-16 0.0108 -0.396328 0.0892 0 0.0084 0.3448 0.557924 0.078 0.166892 0.696 
Gradients for t=4: -0.372538 -2.04391 -0.884736 -1.0617 0.00259236 1 0.162272 1 0.221312 0 -0.185641 -0.06126 0.023108 0.17664 0.169416 0.332128 -0.035152 0.0642 0.119012 1 
Gradients for t=5: 0.023107 -2.00594 -0.97357 -0.94954 0.0119892 1 -0.861029 1 0.999595 0.97474 0.0076687 -0.322313 -0.0168192 1 0.219251 -1.37313 -0.284125 0.06126 0.0861532 0.82336 
Gradients for t=6: -1.10979 -2.07776 -0.197724 0.0208675 0.0126021 1 0.903647 1 0.308628 -1.52641 -0.0152532 0 -0.0198355 0.30493 0.962651 0.204227 0.0284708 0.0597175 0.0857969 0.55968 
Gradients for t=7: 0.00691077 0.0818532 -0.853027 0.0801313 -0.384515 1 0.119169 1 0.173062 -0.685887 -0.204787 -1.98345 -0.930168 0.389544 0.120523 -0.625481 0.0287948 0.0583684 0.0776289 0.585589 
Gradients for t=8: 0.693654 -1.68415 0.108189 -0.856411 0.0559653 0.983446 0.280602 1 0.586398 -0.248317 0.0781856 0.765221 -0.206732 0.320891 0.0933026 0.158121 0.153535 0.622775 0.862472 0.294217 
Gradients for t=9: 0.0802799 0.0116456 0.155316 0.0213202 0.0283223 0.742261 0.0892152 0.941483 0.0766527 1 0.0185981 0.901266 0.0243562 0.149575 0.0506764 0.0897887 0.0646438 0.0218794 0.228537 0.127775 
slackness = 142.982
lower_bound = 3407.97
